INSERT INTO medico (codigo_medico, nombre_medico) VALUES
(1, 'Dr. Juan Pérez'),
(2, 'Dra. Ana Gómez'),
(3, 'Dr. Luis Martínez'),
(4, 'Dra. Carmen Rodríguez'),
(5, 'Dr. Pedro Sánchez'),
(6, 'Dra. Laura Fernández'),
(7, 'Dr. Javier López'),
(8, 'Dra. Isabel García'),
(9, 'Dr. Roberto Díaz'),
(10, 'Dra. Marta Sánchez'),
(11, 'Dr. Francisco Ruiz'),
(12, 'Dra. Raquel Torres'),
(13, 'Dr. José Gómez'),
(14, 'Dra. Verónica Moreno'),
(15, 'Dr. Carlos Ramírez'),
(16, 'Dra. Patricia Jiménez'),
(17, 'Dr. Manuel García'),
(18, 'Dra. Teresa Rodríguez'),
(19, 'Dr. Sergio Pérez'),
(20, 'Dra. Olga Herrera'),
(21, 'Dr. Ricardo López'),
(22, 'Dra. Beatriz Vargas'),
(23, 'Dr. Felipe Martínez'),
(24, 'Dra. Silvia Castro'),
(25, 'Dr. Álvaro González'),
(26, 'Dra. Elena Ruiz'),
(27, 'Dr. Arturo Pérez'),
(28, 'Dra. Clara Sánchez'),
(29, 'Dr. Alberto Torres'),
(30, 'Dra. Sofía Romero');

INSERT INTO examen (codigo_examen, nombre_examen) VALUES
(1, 'Examen de Sangre'),
(2, 'Radiografía de Tórax'),
(3, 'Ultrasonido Abdominal'),
(4, 'Tomografía Computarizada'),
(5, 'Electrocardiograma'),
(6, 'Prueba de Esfuerzo'),
(7, 'Examen de Orina'),
(8, 'Endoscopia Digestiva'),
(9, 'Examen de Visión'),
(10, 'Examen Auditivo'),
(11, 'Ecocardiograma'),
(12, 'Prueba de Función Pulmonar'),
(13, 'Colonoscopia'),
(14, 'Mamografía'),
(15, 'Examen de Papanicolau'),
(16, 'Biopsia de Piel'),
(17, 'Examen de Heces'),
(18, 'Prueba de VIH'),
(19, 'Prueba de Hepatitis B'),
(20, 'Prueba de Hepatitis C'),
(21, 'Examen de Prostata'),
(22, 'Examen de Sangre Oculta en Heces'),
(23, 'Examen de Colesterol y Triglicéridos'),
(24, 'Examen de Función Hepática'),
(25, 'Examen de Función Renal'),
(26, 'Prueba de Embarazo'),
(27, 'Examen de Diabetes'),
(28, 'Examen de Virus del Papiloma Humano'),
(29, 'Prueba de Tuberculosis'),
(30, 'Prueba de Anemia');


INSERT INTO pacientes (codigo_paciente, nombre_paciente) VALUES
(1, 'Juan Carlos Pérez'),
(2, 'Ana María Gómez'),
(3, 'Luis Alberto Martínez'),
(4, 'Carmen Rodríguez Sánchez'),
(5, 'Pedro Antonio Sánchez'),
(6, 'Laura Isabel Fernández'),
(7, 'Javier López García'),
(8, 'Isabel Cristina García'),
(9, 'Roberto Javier Díaz'),
(10, 'Marta Sánchez Pérez'),
(11, 'Francisco José Ruiz'),
(12, 'Raquel Torres Hernández'),
(13, 'José Luis Gómez'),
(14, 'Verónica Moreno Ruiz'),
(15, 'Carlos Ramírez López'),
(16, 'Patricia Jiménez Martínez'),
(17, 'Manuel García Ruiz'),
(18, 'Teresa Rodríguez Fernández'),
(19, 'Sergio Pérez Gómez'),
(20, 'Olga Herrera Ruiz'),
(21, 'Ricardo López González'),
(22, 'Beatriz Vargas Pérez'),
(23, 'Felipe Martínez Ramos'),
(24, 'Silvia Castro Gómez'),
(25, 'Álvaro González Herrera'),
(26, 'Elena Ruiz Martínez'),
(27, 'Arturo Pérez Díaz'),
(28, 'Clara Sánchez Rodríguez'),
(29, 'Alberto Torres López'),
(30, 'Sofía Romero Pérez');


INSERT INTO historia (codigo_historia, codigo_paciente) VALUES
(1, 11), (2, 7), (3, 2), (4, 16), (5, 28), (6, 3), (7, 25), (8, 20), (9, 19), (10, 10),
(11, 6), (12, 22), (13, 4), (14, 17), (15, 12), (16, 15), (17, 8), (18, 30), (19, 13), (20, 9),
(21, 5), (22, 23), (23, 27), (24, 1), (25, 14), (26, 18), (27, 21), (28, 24), (29, 26), (30, 29),
(31, 20), (32, 10), (33, 19), (34, 6), (35, 15), (36, 7), (37, 4), (38, 23), (39, 2), (40, 30),
(41, 13), (42, 9), (43, 18), (44, 28), (45, 12), (46, 25), (47, 1), (48, 29), (49, 21), (50, 17),
(51, 11), (52, 5), (53, 8), (54, 3), (55, 27), (56, 24), (57, 22), (58, 30), (59, 26), (60, 14),
(61, 20), (62, 19), (63, 4), (64, 16), (65, 23), (66, 10), (67, 28), (68, 13), (69, 7), (70, 5),
(71, 17), (72, 11), (73, 6), (74, 1), (75, 9), (76, 21), (77, 18), (78, 15), (79, 12), (80, 22),
(81, 25), (82, 29), (83, 8), (84, 2), (85, 27), (86, 24), (87, 30), (88, 3), (89, 16), (90, 14),
(91, 19), (92, 4), (93, 26), (94, 13), (95, 10), (96, 17), (97, 21), (98, 6), (99, 23), (100, 28),
(101, 22), (102, 5), (103, 14), (104, 12), (105, 30), (106, 7), (107, 16), (108, 8), (109, 29), (110, 19),
(111, 4), (112, 27), (113, 3), (114, 9), (115, 1), (116, 13), (117, 20), (118, 25), (119, 18), (120, 11),
(121, 2), (122, 23), (123, 26), (124, 10), (125, 6), (126, 8), (127, 21), (128, 24), (129, 17), (130, 5),
(131, 28), (132, 30), (133, 7), (134, 29), (135, 12), (136, 22), (137, 4), (138, 15), (139, 19), (140, 27),
(141, 18), (142, 9), (143, 1), (144, 14), (145, 3), (146, 6), (147, 26), (148, 20), (149, 11), (150, 10),
(151, 13), (152, 25), (153, 28), (154, 17), (155, 8), (156, 5), (157, 22), (158, 30), (159, 24), (160, 12),
(161, 23), (162, 21), (163, 19), (164, 7), (165, 4), (166, 14), (167, 18), (168, 9), (169, 11), (170, 16),
(171, 6), (172, 3), (173, 27), (174, 20), (175, 10), (176, 29), (177, 2), (178, 5), (179, 8), (180, 12),
(181, 13), (182, 23), (183, 4), (184, 17), (185, 30), (186, 26), (187, 19), (188, 16), (189, 7), (190, 18),
(191, 24), (192, 28), (193, 22), (194, 3), (195, 15), (196, 14), (197, 21), (198, 10), (199, 5), (200, 27);


INSERT INTO detalle_historia (codigo_historia, codigo_medico, codigo_examen) VALUES
(1, 5, 12), (1, 16, 3), (1, 12, 10), (1, 7, 9), (1, 22, 18),
(2, 9, 2), (2, 4, 18), (2, 13, 15), (2, 25, 7), (2, 17, 5),
(3, 14, 20), (3, 11, 8), (3, 5, 3), (3, 6, 9), (3, 28, 16),
(4, 19, 13), (4, 18, 6), (4, 12, 10), (4, 9, 1), (4, 10, 7),
(5, 20, 12), (5, 13, 17), (5, 7, 4), (5, 25, 6), (5, 14, 3),
(6, 21, 2), (6, 22, 18), (6, 11, 4), (6, 26, 5), (6, 19, 17),
(7, 27, 12), (7, 8, 9), (7, 16, 30), (7, 5, 8), (7, 12, 15),
(8, 4, 22), (8, 3, 10), (8, 1, 14), (8, 9, 6), (8, 30, 2),
(9, 12, 11), (9, 13, 5), (9, 18, 20), (9, 28, 7), (9, 22, 8),
(10, 6, 12), (10, 25, 4), (10, 16, 6), (10, 2, 17), (10, 9, 15),
(11, 30, 9), (11, 5, 7), (11, 4, 3), (11, 13, 1), (11, 20, 18),
(12, 15, 17), (12, 3, 19), (12, 22, 8), (12, 9, 12), (12, 18, 2),
(13, 7, 30), (13, 16, 4), (13, 8, 6), (13, 25, 3), (13, 19, 10),
(14, 1, 22), (14, 26, 5), (14, 12, 14), (14, 3, 17), (14, 19, 13),
(15, 23, 2), (15, 6, 9), (15, 18, 8), (15, 4, 7), (15, 28, 12),
(16, 10, 5), (16, 2, 20), (16, 1, 14), (16, 9, 18), (16, 24, 16),
(17, 5, 7), (17, 3, 11), (17, 28, 10), (17, 6, 15), (17, 13, 9),
(18, 19, 20), (18, 8, 18), (18, 23, 3), (18, 2, 13), (18, 5, 17),
(19, 10, 12), (19, 7, 14), (19, 6, 22), (19, 3, 16), (19, 4, 6),
(20, 11, 9), (20, 4, 13), (20, 19, 2), (20, 22, 8), (20, 18, 30),
(21, 26, 17), (21, 7, 14), (21, 8, 16), (21, 19, 6), (21, 5, 20),
(22, 23, 3), (22, 1, 22), (22, 17, 4), (22, 28, 7), (22, 13, 9),
(23, 10, 13), (23, 3, 19), (23, 14, 12), (23, 26, 11), (23, 5, 16),
(24, 2, 8), (24, 1, 17), (24, 12, 15), (24, 27, 13), (24, 6, 9),
(25, 21, 3), (25, 4, 22), (25, 28, 6), (25, 30, 5), (25, 18, 16),
(26, 5, 2), (26, 15, 17), (26, 12, 30), (26, 20, 6), (26, 8, 11),
(27, 30, 20), (27, 13, 9), (27, 3, 8), (27, 17, 12), (27, 25, 7),
(28, 23, 3), (28, 27, 9), (28, 14, 15), (28, 5, 10), (28, 19, 22),
(29, 10, 16), (29, 8, 13), (29, 6, 2), (29, 4, 30), (29, 23, 12),
(30, 11, 18), (30, 7, 6), (30, 5, 11), (30, 19, 14), (30, 26, 17);


INSERT INTO detalle_historia (codigo_historia, codigo_medico, codigo_examen) VALUES
(1, 5, 12), (1, 16, 3), (1, 12, 10), (1, 7, 9), (1, 22, 18),
(2, 9, 2), (2, 4, 18), (2, 13, 15), (2, 25, 7), (2, 17, 5),
(3, 14, 20), (3, 11, 8), (3, 5, 3), (3, 6, 9), (3, 28, 16),
(4, 19, 13), (4, 18, 6), (4, 12, 10), (4, 9, 1), (4, 10, 7),
(5, 20, 12), (5, 13, 17), (5, 7, 4), (5, 25, 6), (5, 14, 3),
(6, 21, 2), (6, 22, 18), (6, 11, 4), (6, 26, 5), (6, 19, 17),
(7, 27, 12), (7, 8, 9), (7, 16, 30), (7, 5, 8), (7, 12, 15),
(8, 4, 22), (8, 3, 10), (8, 1, 14), (8, 9, 6), (8, 30, 2),
(9, 12, 11), (9, 13, 5), (9, 18, 20), (9, 28, 7), (9, 22, 8),
(10, 6, 12), (10, 25, 4), (10, 16, 6), (10, 2, 17), (10, 9, 15),
(11, 30, 9), (11, 5, 7), (11, 4, 3), (11, 13, 1), (11, 20, 18),
(12, 15, 17), (12, 3, 19), (12, 22, 8), (12, 9, 12), (12, 18, 2),
(13, 7, 30), (13, 16, 4), (13, 8, 6), (13, 25, 3), (13, 19, 10),
(14, 1, 22), (14, 26, 5), (14, 12, 14), (14, 3, 17), (14, 19, 13),
(15, 23, 2), (15, 6, 9), (15, 18, 8), (15, 4, 7), (15, 28, 12),
(16, 10, 5), (16, 2, 20), (16, 1, 14), (16, 9, 18), (16, 24, 16),
(17, 5, 7), (17, 3, 11), (17, 28, 10), (17, 6, 15), (17, 13, 9),
(18, 19, 20), (18, 8, 18), (18, 23, 3), (18, 2, 13), (18, 5, 17),
(19, 10, 12), (19, 7, 14), (19, 6, 22), (19, 3, 16), (19, 4, 6),
(20, 11, 9), (20, 4, 13), (20, 19, 2), (20, 22, 8), (20, 18, 30),
(21, 26, 17), (21, 7, 14), (21, 8, 16), (21, 19, 6), (21, 5, 20),
(22, 23, 3), (22, 1, 22), (22, 17, 4), (22, 28, 7), (22, 13, 9),
(23, 10, 13), (23, 3, 19), (23, 14, 12), (23, 26, 11), (23, 5, 16),
(24, 2, 8), (24, 1, 17), (24, 12, 15), (24, 27, 13), (24, 6, 9),
(25, 21, 3), (25, 4, 22), (25, 28, 6), (25, 30, 5), (25, 18, 16),
(26, 5, 2), (26, 15, 17), (26, 12, 30), (26, 20, 6), (26, 8, 11),
(27, 30, 20), (27, 13, 9), (27, 3, 8), (27, 17, 12), (27, 25, 7),
(28, 23, 3), (28, 27, 9), (28, 14, 15), (28, 5, 10), (28, 19, 22),
(29, 10, 16), (29, 8, 13), (29, 6, 2), (29, 4, 30), (29, 23, 12),
(30, 11, 18), (30, 7, 6), (30, 5, 11), (30, 19, 14), (30, 26, 17),
(31, 18, 3), (31, 25, 7), (31, 10, 11), (31, 6, 12), (31, 9, 14),
(32, 13, 20), (32, 15, 18), (32, 14, 5), (32, 22, 16), (32, 3, 8),
(33, 12, 2), (33, 5, 11), (33, 7, 19), (33, 8, 20), (33, 10, 4),
(34, 6, 17), (34, 3, 5), (34, 27, 12), (34, 20, 9), (34, 13, 8),
(35, 19, 14), (35, 2, 11), (35, 7, 16), (35, 23, 5), (35, 15, 7),
(36, 26, 20), (36, 11, 9), (36, 8, 6), (36, 28, 3), (36, 12, 17),
(37, 22, 4), (37, 9, 18), (37, 1, 5), (37, 18, 11), (37, 24, 2),
(38, 13, 8), (38, 17, 3), (38, 6, 16), (38, 10, 5), (38, 21, 19),
(39, 14, 20), (39, 7, 12), (39, 12, 2), (39, 1, 19), (39, 13, 7),
(40, 15, 11), (40, 6, 9), (40, 10, 5), (40, 28, 12), (40, 9, 18);

INSERT INTO detalle_historia (codigo_historia, codigo_medico, codigo_examen) VALUES
(40, 15, 11), (40, 6, 9), (40, 10, 5), (40, 28, 12), (40, 9, 18),
(41, 13, 2), (41, 1, 17), (41, 6, 12), (41, 4, 19), (41, 22, 7),
(42, 2, 20), (42, 15, 14), (42, 5, 10), (42, 12, 8), (42, 18, 16),
(43, 8, 7), (43, 14, 13), (43, 23, 3), (43, 19, 18), (43, 11, 6),
(44, 9, 12), (44, 7, 8), (44, 1, 20), (44, 5, 9), (44, 25, 6),
(45, 12, 3), (45, 4, 16), (45, 6, 14), (45, 11, 18), (45, 10, 15),
(46, 17, 11), (46, 13, 9), (46, 2, 3), (46, 7, 17), (46, 22, 10),
(47, 5, 7), (47, 14, 20), (47, 23, 6), (47, 8, 13), (47, 1, 9),
(48, 6, 15), (48, 10, 16), (48, 18, 5), (48, 12, 11), (48, 25, 3),
(49, 19, 17), (49, 13, 7), (49, 1, 16), (49, 22, 2), (49, 10, 8),
(50, 4, 18), (50, 15, 5), (50, 17, 14), (50, 12, 6), (50, 26, 13),
(51, 11, 20), (51, 8, 9), (51, 1, 4), (51, 23, 16), (51, 19, 12),
(52, 25, 7), (52, 13, 10), (52, 2, 14), (52, 10, 15), (52, 18, 6),
(53, 6, 5), (53, 22, 17), (53, 3, 11), (53, 12, 20), (53, 14, 8),
(54, 9, 19), (54, 7, 3), (54, 5, 17), (54, 13, 10), (54, 8, 12),
(55, 1, 20), (55, 19, 2), (55, 23, 9), (55, 11, 6), (55, 10, 18),
(56, 7, 14), (56, 6, 5), (56, 4, 19), (56, 2, 8), (56, 25, 17),
(57, 5, 15), (57, 14, 11), (57, 19, 10), (57, 13, 7), (57, 26, 3),
(58, 12, 6), (58, 18, 16), (58, 3, 19), (58, 7, 8), (58, 22, 13),
(59, 1, 9), (59, 5, 17), (59, 16, 11), (59, 14, 15), (59, 10, 6),
(60, 2, 20), (60, 12, 3), (60, 13, 7), (60, 9, 19), (60, 25, 4),
(61, 17, 13), (61, 19, 10), (61, 3, 18), (61, 6, 8), (61, 9, 14),
(62, 5, 7), (62, 4, 16), (62, 25, 12), (62, 8, 18), (62, 2, 9),
(63, 13, 6), (63, 14, 3), (63, 26, 9), (63, 22, 10), (63, 12, 17),
(64, 15, 13), (64, 11, 4), (64, 16, 7), (64, 8, 11), (64, 2, 9),
(65, 10, 19), (65, 14, 2), (65, 19, 12), (65, 1, 13), (65, 7, 8),
(66, 5, 15), (66, 13, 10), (66, 2, 5), (66, 14, 16), (66, 12, 20),
(67, 6, 7), (67, 9, 11), (67, 15, 14), (67, 4, 10), (67, 18, 9),
(68, 13, 6), (68, 12, 5), (68, 9, 18), (68, 10, 3), (68, 7, 17),
(69, 8, 9), (69, 16, 4), (69, 18, 20), (69, 2, 11), (69, 26, 7),
(70, 11, 17), (70, 5, 19), (70, 3, 12), (70, 9, 6), (70, 12, 13),
(71, 10, 2), (71, 7, 5), (71, 13, 18), (71, 1, 14), (71, 2, 19),
(72, 15, 20), (72, 6, 13), (72, 3, 17), (72, 9, 8), (72, 5, 4),
(73, 12, 14), (73, 17, 5), (73, 11, 10), (73, 10, 16), (73, 8, 3),
(74, 4, 9), (74, 25, 7), (74, 16, 12), (74, 18, 3), (74, 1, 13),
(75, 6, 19), (75, 9, 15), (75, 5, 10), (75, 13, 14), (75, 2, 7),
(76, 8, 16), (76, 10, 18), (76, 9, 5), (76, 1, 20), (76, 14, 13),
(77, 3, 19), (77, 17, 7), (77, 5, 12), (77, 13, 16), (77, 11, 9),
(78, 9, 14), (78, 6, 10), (78, 1, 7), (78, 2, 5), (78, 25, 8),
(79, 4, 13), (79, 10, 16), (79, 3, 12), (79, 19, 18), (79, 17, 6),
(80, 12, 9), (80, 1, 14), (80, 14, 7), (80, 19, 3), (80, 17, 16),
(81, 10, 13), (81, 4, 20), (81, 7, 5), (81, 2, 11), (81, 9, 12),
(82, 5, 14), (82, 19, 7), (82, 16, 9), (82, 3, 6), (82, 12, 20),
(83, 11, 19), (83, 14, 10), (83, 13, 15), (83, 1, 18), (83, 7, 2),
(84, 8, 6), (84, 4, 16), (84, 14, 8), (84, 2, 13), (84, 10, 4),
(85, 5, 12), (85, 1, 7), (85, 9, 10), (85, 12, 15), (85, 13, 20),
(86, 7, 14), (86, 11, 16), (86, 2, 18), (86, 5, 6), (86, 19, 12),
(87, 9, 3), (87, 1, 17), (87, 8, 12), (87, 10, 18), (87, 11, 7),
(88, 13, 20), (88, 7, 5), (88, 3, 16), (88, 5, 18), (88, 2, 7),
(89, 14, 13), (89, 6, 2), (89, 25, 7), (89, 1, 16), (89, 18, 9),
(90, 10, 12), (90, 19, 20), (90, 4, 18), (90, 9, 5), (90, 12, 7),
(91, 5, 16), (91, 6, 13), (91, 17, 12), (91, 2, 18), (91, 13, 9),
(92, 7, 10), (92, 11, 14), (92, 6, 3), (92, 9, 5), (92, 14, 19),
(93, 19, 7), (93, 18, 4), (93, 10, 11), (93, 2, 12), (93, 12, 16),
(94, 8, 6), (94, 1, 18), (94, 4, 19), (94, 15, 20), (94, 19, 7),
(95, 6, 2), (95, 14, 15), (95, 12, 7), (95, 8, 16), (95, 10, 11),
(96, 17, 14), (96, 9, 13), (96, 4, 19), (96, 6, 5), (96, 2, 10),
(97, 13, 18), (97, 3, 15), (97, 7, 5), (97, 10, 16), (97, 11, 8),
(98, 9, 13), (98, 6, 12), (98, 1, 15), (98, 12, 17), (98, 14, 9),
(99, 5, 7), (99, 15, 13), (99, 12, 20), (99, 1, 10), (99, 18, 5),
(100, 11, 16), (100, 3, 14), (100, 8, 13), (100, 17, 9), (100, 5, 6);


INSERT INTO detalle_historia (codigo_historia, codigo_medico, codigo_examen) VALUES
(101, 14, 16), (101, 9, 10), (101, 17, 6), (101, 12, 15), (101, 2, 18),
(102, 3, 5), (102, 19, 7), (102, 25, 2), (102, 8, 16), (102, 6, 9),
(103, 7, 3), (103, 11, 14), (103, 4, 17), (103, 18, 12), (103, 13, 20),
(104, 6, 10), (104, 1, 12), (104, 17, 8), (104, 13, 7), (104, 23, 9),
(105, 2, 15), (105, 8, 17), (105, 6, 3), (105, 16, 19), (105, 11, 14),
(106, 25, 12), (106, 19, 7), (106, 5, 16), (106, 14, 20), (106, 12, 11),
(107, 13, 10), (107, 6, 19), (107, 7, 13), (107, 2, 5), (107, 9, 8),
(108, 10, 20), (108, 4, 14), (108, 6, 18), (108, 19, 15), (108, 3, 11),
(109, 15, 7), (109, 13, 9), (109, 10, 5), (109, 12, 2), (109, 11, 8),
(110, 17, 19), (110, 8, 14), (110, 5, 10), (110, 7, 9), (110, 23, 15),
(111, 3, 17), (111, 15, 12), (111, 19, 13), (111, 4, 10), (111, 12, 7),
(112, 10, 5), (112, 2, 18), (112, 6, 9), (112, 7, 15), (112, 13, 14),
(113, 4, 3), (113, 18, 11), (113, 1, 17), (113, 19, 7), (113, 11, 8),
(114, 13, 12), (114, 15, 5), (114, 17, 18), (114, 10, 6), (114, 7, 3),
(115, 5, 7), (115, 9, 10), (115, 6, 15), (115, 11, 17), (115, 13, 9),
(116, 14, 2), (116, 18, 13), (116, 10, 20), (116, 3, 14), (116, 5, 12),
(117, 17, 6), (117, 19, 18), (117, 12, 9), (117, 2, 11), (117, 15, 14),
(118, 1, 20), (118, 13, 10), (118, 4, 16), (118, 19, 3), (118, 10, 9),
(119, 6, 8), (119, 2, 12), (119, 5, 19), (119, 16, 10), (119, 7, 13),
(120, 9, 5), (120, 15, 3), (120, 10, 7), (120, 18, 14), (120, 2, 13),
(121, 6, 17), (121, 13, 10), (121, 16, 12), (121, 5, 11), (121, 9, 19),
(122, 4, 16), (122, 18, 3), (122, 14, 19), (122, 12, 9), (122, 11, 7),
(123, 1, 10), (123, 7, 14), (123, 15, 12), (123, 5, 3), (123, 19, 16),
(124, 13, 9), (124, 3, 17), (124, 4, 12), (124, 7, 6), (124, 18, 13),
(125, 6, 11), (125, 2, 19), (125, 17, 16), (125, 1, 7), (125, 15, 8),
(126, 13, 3), (126, 9, 10), (126, 18, 16), (126, 14, 7), (126, 11, 13),
(127, 2, 12), (127, 6, 9), (127, 12, 19), (127, 15, 14), (127, 4, 11),
(128, 17, 8), (128, 10, 18), (128, 1, 5), (128, 14, 2), (128, 13, 20),
(129, 6, 7), (129, 12, 11), (129, 15, 18), (129, 19, 9), (129, 7, 16),
(130, 4, 17), (130, 10, 5), (130, 3, 12), (130, 14, 6), (130, 13, 19),
(131, 2, 10), (131, 1, 17), (131, 12, 15), (131, 18, 9), (131, 9, 3),
(132, 7, 5), (132, 10, 19), (132, 6, 12), (132, 18, 20), (132, 11, 9),
(133, 9, 16), (133, 12, 7), (133, 5, 13), (133, 3, 11), (133, 10, 2),
(134, 16, 6), (134, 7, 12), (134, 1, 9), (134, 18, 3), (134, 13, 14),
(135, 9, 10), (135, 2, 15), (135, 12, 20), (135, 17, 13), (135, 6, 7),
(136, 14, 19), (136, 3, 6), (136, 10, 12), (136, 7, 15), (136, 5, 17),
(137, 9, 5), (137, 19, 18), (137, 12, 7), (137, 17, 14), (137, 13, 16),
(138, 15, 13), (138, 7, 12), (138, 1, 8), (138, 5, 6), (138, 10, 20),
(139, 2, 15), (139, 19, 11), (139, 9, 7), (139, 3, 18), (139, 13, 5),
(140, 10, 8), (140, 6, 3), (140, 14, 17), (140, 18, 13), (140, 17, 6),
(141, 5, 14), (141, 7, 16), (141, 12, 9), (141, 13, 18), (141, 2, 11),
(142, 1, 7), (142, 3, 10), (142, 15, 12), (142, 6, 20), (142, 19, 18),
(143, 17, 14), (143, 5, 2), (143, 10, 15), (143, 12, 6), (143, 7, 9),
(144, 18, 13), (144, 1, 11), (144, 14, 17), (144, 19, 8), (144, 4, 3);

INSERT INTO detalle_historia (codigo_historia, codigo_medico, codigo_examen) VALUES
(145, 12, 16), (145, 6, 14), (145, 3, 7), (145, 17, 10), (145, 8, 5),
(146, 15, 3), (146, 19, 18), (146, 4, 9), (146, 13, 7), (146, 11, 6),
(147, 7, 12), (147, 18, 15), (147, 2, 19), (147, 1, 10), (147, 5, 17),
(148, 9, 13), (148, 6, 8), (148, 17, 16), (148, 3, 11), (148, 14, 19),
(149, 13, 2), (149, 18, 12), (149, 7, 17), (149, 6, 5), (149, 10, 14),
(150, 1, 9), (150, 19, 8), (150, 3, 16), (150, 5, 15), (150, 12, 7),
(151, 8, 17), (151, 15, 13), (151, 11, 12), (151, 6, 3), (151, 9, 14),
(152, 3, 6), (152, 13, 7), (152, 18, 19), (152, 1, 10), (152, 17, 16),
(153, 6, 5), (153, 15, 9), (153, 12, 17), (153, 4, 3), (153, 19, 14),
(154, 10, 11), (154, 2, 16), (154, 14, 8), (154, 7, 12), (154, 13, 5),
(155, 19, 18), (155, 17, 9), (155, 1, 14), (155, 4, 6), (155, 12, 20),
(156, 15, 13), (156, 18, 16), (156, 3, 8), (156, 7, 17), (156, 9, 5),
(157, 14, 12), (157, 6, 20), (157, 11, 9), (157, 10, 3), (157, 2, 16),
(158, 18, 13), (158, 15, 6), (158, 7, 17), (158, 19, 9), (158, 1, 11),
(159, 2, 15), (159, 4, 19), (159, 17, 8), (159, 10, 7), (159, 12, 14),
(160, 6, 16), (160, 13, 12), (160, 18, 19), (160, 9, 5), (160, 3, 10),
(161, 5, 14), (161, 18, 3), (161, 7, 9), (161, 2, 16), (161, 15, 17),
(162, 1, 7), (162, 6, 20), (162, 19, 8), (162, 9, 10), (162, 4, 13),
(163, 3, 12), (163, 10, 19), (163, 5, 6), (163, 17, 14), (163, 2, 15),
(164, 12, 8), (164, 1, 13), (164, 9, 6), (164, 5, 17), (164, 18, 3),
(165, 14, 11), (165, 19, 20), (165, 10, 7), (165, 13, 9), (165, 12, 18),
(166, 17, 13), (166, 8, 10), (166, 6, 14), (166, 1, 9), (166, 7, 19),
(167, 3, 5), (167, 15, 17), (167, 9, 20), (167, 18, 8), (167, 10, 12),
(168, 2, 6), (168, 7, 3), (168, 13, 15), (168, 15, 14), (168, 19, 9),
(169, 10, 17), (169, 6, 8), (169, 14, 3), (169, 5, 20), (169, 18, 19),
(170, 12, 9), (170, 17, 15), (170, 13, 18), (170, 6, 16), (170, 9, 7);

INSERT INTO detalle_historia (codigo_historia, codigo_medico, codigo_examen) VALUES
(171, 4, 16), (171, 12, 10), (171, 7, 3), (171, 18, 17), (171, 2, 5),
(172, 6, 13), (172, 19, 18), (172, 1, 9), (172, 14, 12), (172, 10, 7),
(173, 3, 6), (173, 13, 5), (173, 2, 17), (173, 5, 15), (173, 9, 14),
(174, 12, 10), (174, 16, 18), (174, 1, 8), (174, 13, 19), (174, 4, 15),
(175, 8, 11), (175, 18, 7), (175, 2, 13), (175, 6, 9), (175, 3, 17),
(176, 7, 16), (176, 10, 12), (176, 5, 8), (176, 4, 6), (176, 1, 15),
(177, 19, 13), (177, 9, 7), (177, 3, 14), (177, 15, 20), (177, 18, 10),
(178, 11, 8), (178, 7, 5), (178, 2, 17), (178, 16, 9), (178, 6, 12),
(179, 14, 20), (179, 5, 13), (179, 1, 6), (179, 10, 8), (179, 2, 17),
(180, 3, 12), (180, 19, 9), (180, 9, 13), (180, 17, 5), (180, 16, 7),
(181, 8, 10), (181, 15, 18), (181, 12, 9), (181, 19, 17), (181, 6, 14),
(182, 7, 6), (182, 18, 5), (182, 16, 11), (182, 4, 14), (182, 3, 12),
(183, 13, 17), (183, 19, 10), (183, 7, 6), (183, 9, 8), (183, 14, 18),
(184, 12, 19), (184, 2, 16), (184, 1, 7), (184, 15, 5), (184, 10, 13),
(185, 4, 17), (185, 18, 3), (185, 5, 9), (185, 7, 12), (185, 14, 13),
(186, 9, 11), (186, 15, 19), (186, 2, 8), (186, 1, 12), (186, 6, 13),
(187, 10, 17), (187, 13, 5), (187, 9, 18), (187, 3, 20), (187, 2, 7),
(188, 19, 12), (188, 7, 5), (188, 4, 9), (188, 18, 17), (188, 1, 8),
(189, 15, 10), (189, 12, 6), (189, 2, 13), (189, 7, 19), (189, 5, 17),
(190, 16, 14), (190, 9, 8), (190, 1, 20), (190, 18, 6), (190, 12, 19),
(191, 7, 3), (191, 5, 15), (191, 6, 13), (191, 18, 17), (191, 9, 10),
(192, 14, 12), (192, 4, 17), (192, 3, 9), (192, 10, 5), (192, 15, 13),
(193, 2, 6), (193, 7, 10), (193, 1, 17), (193, 9, 18), (193, 16, 14),
(194, 19, 15), (194, 6, 13), (194, 3, 8), (194, 14, 17), (194, 10, 19),
(195, 4, 7), (195, 8, 5), (195, 15, 13), (195, 2, 12), (195, 12, 17),
(196, 3, 6), (196, 7, 9), (196, 1, 10), (196, 13, 18), (196, 9, 5),
(197, 4, 8), (197, 2, 19), (197, 16, 3), (197, 12, 7), (197, 15, 13),
(198, 18, 10), (198, 7, 5), (198, 6, 14), (198, 1, 16), (198, 9, 3),
(199, 14, 12), (199, 5, 13), (199, 19, 6), (199, 7, 18), (199, 3, 9),
(200, 12, 17), (200, 6, 10), (200, 1, 5), (200, 10, 13), (200, 4, 18);



CONSULTAS
--show everything that was inserted
SELECT 
    dh.codigo_historia, 
    h.codigo_paciente, 
    p.nombre_paciente, 
    dh.codigo_medico, 
    m.nombre_medico, 
    dh.codigo_examen, 
    e.nombre_examen
FROM detalle_historia dh
JOIN historia h ON dh.codigo_historia = h.codigo_historia
JOIN pacientes p ON h.codigo_paciente = p.codigo_paciente
JOIN medico m ON dh.codigo_medico = m.codigo_medico
JOIN examen e ON dh.codigo_examen = e.codigo_examen
ORDER BY dh.codigo_historia, dh.codigo_medico, dh.codigo_examen;


--medico que mas atendio paciente
SELECT m.codigo_medico, m.nombre_medico, COUNT(h.codigo_paciente) AS total_pacientes
FROM detalle_historia dh
JOIN historia h ON dh.codigo_historia = h.codigo_historia
JOIN medico m ON dh.codigo_medico = m.codigo_medico
GROUP BY m.codigo_medico, m.nombre_medico
HAVING COUNT(h.codigo_paciente) = (
    SELECT MAX(total_pacientes)
    FROM (
        SELECT COUNT(h.codigo_paciente) AS total_pacientes
        FROM detalle_historia dh
        JOIN historia h ON dh.codigo_historia = h.codigo_historia
        GROUP BY dh.codigo_medico
    ) AS subquery
);

--medico que mas realizo examenes
SELECT m.codigo_medico, m.nombre_medico, COUNT(dh.codigo_examen) AS total_examenes
FROM detalle_historia dh
JOIN medico m ON dh.codigo_medico = m.codigo_medico
GROUP BY m.codigo_medico, m.nombre_medico
HAVING COUNT(dh.codigo_examen) = (
    SELECT MAX(total_examenes)
    FROM (
        SELECT COUNT(dh.codigo_examen) AS total_examenes
        FROM detalle_historia dh
        GROUP BY dh.codigo_medico
    ) AS subquery
);

--examen que mas se realizo
SELECT e.codigo_examen, e.nombre_examen, COUNT(dh.codigo_examen) AS total_realizados
FROM detalle_historia dh
JOIN examen e ON dh.codigo_examen = e.codigo_examen
GROUP BY e.codigo_examen, e.nombre_examen
HAVING COUNT(dh.codigo_examen) = (
    SELECT MAX(total_realizados)
    FROM (
        SELECT COUNT(dh.codigo_examen) AS total_realizados
        FROM detalle_historia dh
        GROUP BY dh.codigo_examen
    ) AS subquery
);

--el paciente que mas historias tiene
SELECT p.codigo_paciente, p.nombre_paciente, COUNT(h.codigo_historia) AS total_historias
FROM historia h
JOIN pacientes p ON h.codigo_paciente = p.codigo_paciente
GROUP BY p.codigo_paciente, p.nombre_paciente
HAVING COUNT(h.codigo_historia) = (
    SELECT MAX(total_historias)
    FROM (
        SELECT COUNT(h.codigo_historia) AS total_historias
        FROM historia h
        GROUP BY h.codigo_paciente
    ) AS subquery
);